### MATHEMATICS 2018_2019_2019 configurations (assuming a skipped year in 2017_2018_2019

MATHEMATICS_2018_2019.config <- list(
     MATHEMATICS.2018_2019 = list(
                 sgp.content.areas=c('MATHEMATICS', 'MATHEMATICS', 'MATHEMATICS'),
                 sgp.panel.years=c('2015_2016', '2016_2017', '2018_2019'),
                 sgp.grade.sequences=list(c('3', '5'), c('3', '4', '6'), c('4', '5', '7'), c('5', '6', '8'), c('6', '7', '9'), c('7', '8', '10'))
)
