### READING 2018_2019_2019 configurations (assuming a skipped year in 2017_2018_2019

READING_2018_2019.config <- list(
     READING.2018_2019 = list(
                 sgp.content.areas=c('READING', 'READING', 'READING'),
                 sgp.panel.years=c('2015_2016', '2016_2017', '2018_2019'),
                 sgp.grade.sequences=list(c('3', '5'), c('3', '4', '6'), c('4', '5', '7'), c('5', '6', '8'), c('6', '7', '9'), c('7', '8', '10'))
)
